498
288
515
389
540
894
377
465
644
482
600
701
942
821
426
597
667
725
205
770
667
492
708
501
109
256
498
467
276
463
947
727
651
462
116
192
409
445
609
105
827
209
706
769
930
133
367
650
810
524
472
529
916
180
930
978
388
480
445
565
844
392
344
547
806
360
639
267
757
301
273
584
410
879
406
393
964
725
943
775
249
467
356
217
600
287
195
888
719
592
505
563
884
749
111
743
161
702
910
818
903
235
403
366
115
709
659
131
434
654
806
635
173
163
804
673
402
900
562
121
544
119
637
481
769
648
224
830
402
186
701
306
322
156
624
389
817
283
420
303
889
279
838
962
394
642
636
696
594
250
769
191
269
406
572
990
954
748
873
409
834
574
667
156
630
291
497
447
474
818
650
363
997
540
377
391
234
913
139
729
215
808
872
385
215
444
427
221
192
300
530
926
774
197
135
404
440
532
803
814
402
505
229
451
945
507
742
180
472
781
861
588
642
733
925
757
177
352
878
321
553
461
247
327
610
334
684
951
819
539
817
273
945
947
625
890
506
367
122
930
201
883
518
795
616
495
552
745
748
482
966
353
843
266
580
454
552
316
457
423
808
274
597
753
273
222
695
731
541
770
662
694
653
232
489
322
628
941
967
428
424
986
681
319
304
313
725
756
582
182
180
390
409
677
195
582
851
842
314
392
612
928
987
266
160
476
540
740
470
559
168
846
545
749
165
801
963
843
558
597
977
690
887
386
419
982
869
270
876
235
562
489
163
601
707
275
978
247
916
448
706
984
294
304
786
411
105
801
306
563
398
284
305
285
570
624
319
491
794
195
678
409
636
741
910
343
917
940
490
885
388
197
869
634
453
707
998
458
508
304
974
806
540
279
143
163
856
362
606
650
510
285
111
198
978
974
442
947
914
832
832
355
981
754
941
486
461
939
845
870
296
819
676
736
150
772
799
906
186
406
609
648
643
620
747
621
594
189
569
561
973
453
816
107
207
757
493
569
749
390
491
945
209
219
733
260
891
585
166
978
943
727
626
586
348
373
259
894
514
780
507
540
234
375
547
393
185
992
914
834
383
405
831
544
525
616
704
468
201
823
498
196
550
177
682
850
502
894
797
917
674
304
457
808
580
956
254
665
948
168
551
383
474
434
828
951
950
584
471
204
407
870
300
910
947
935
812
449
829
661
418
503
918
775
364
550
783
518
267
784
586
718
167
112
204
947
115
154
532
487
258
891
357
511
853
304
446
666
705
275
379
124
678
297
851
994
747
687
512
966
471
151
736
590
215
840
538
231
895
970
618
205
913
875
616
767
231
962
433
888
237
764
912
868
962
816
914
761
503
427
728
926
530
516
516
645
357
106
776
304
128
446
409
942
373
978
709
556
992
194
445
282
858
409
202
872
225
116
634
680
495
414
606
925
830
123
623
239
129
451
443
210
798
805
152
171
783
761
628
827
855
125
109
765
434
211
638
612
228
324
292
623
690
799
601
572
874
224
712
955
575
155
165
373
912
217
497
747
930
125
575
785
202
584
551
536
748
241
148
928
465
393
603
155
192
204
627
118
328
391
973
856
499
191
281
411
360
678
159
291
755
634
976
857
270
579
446
970
772
494
898
237
787
502
344
931
658
924
949
939
315
975
795
714
166
976
178
426
707
237
669
514
823
698
424
145
277
770
168
102
316
966
239
156
520
536
139
179
460
989
118
727
116
865
442
234
893
520
612
652
709
282
167
584
880
543
629
209
313
697
211
581
716
403
637
288
839
677
419
299
718
437
926
786
354
420
920
248
892
584
852
653
766
919
237
698
514
819
860
727
516
971
361
284
426
898
473
265
627
792
516
397
282
495
183
588
867
155
788
760
640
641
465
458
612
603
209
127
422
969
806
890
992
167
175
419
118
600
636
645
444
153
995
678
600
178
267
467
286
955
279
878
648
645
336
261
248
497
288
622
466
994
512
511
162
639
882
180
291
518
777
688
623
772
366
223
903
585
643
241
541
822
119
189
519
407
402
667
805
642
341
323
637
806
786
751
445
668
883
689
187
712
377
762
537
695
886
492
281
529
633
722
403
652
863
823
111
318
542
868
860
784
244
549
590
930
300
987
599
235
728
738
848
105
500
437
701
438
829
882
919
462
656
323
166
571
198
229
841
692
998
702
476
242
251
118
172
504
158
723
639
786
461
539
844
914
928
597
352
757
531
272
271
239
547
389
710
645
519
604
337
569
306
766
763
509
836
887
913
946
611
605
785
124
196
629
990
125
278
343
834
709
567
158
848
114
447
610
711
918
214
948
539
420
766
302
882
655
190
795
601
753
452
386
